1996710514
1996710514
1996710514
1996710514
1996710514
1996710514
1996710514
1996710514
1996710514
1996710514
1996710514
1996710514
1996710514
1996710514
1996710514
1987142870
1987142870
1987142870
1987142870
-431692672
-431692672
-431692672
-431692672
-431692672
-431692672
-431692672
-431692672
-431692672
-431692672
-431692672
-431692672
-431692672
-431692672
-431692672
-431692672
-431692672
-431692672
-431692672
-431692672
-431692672
-431692672
-431692672
-431692672
-431692672
-431692672
-431692672
-431692672
-431692672
-431692672
-431692672
-431692672
1987142870
-1372848492
-1372848492
-2072933068
-2072933068
